L = 160*membrane(1, 100);